Max=4.98575
Min=-4.38553
