Max=0.7994996426018585
Min=0.0003747423646243208
