Max=0.7991507223740726
Min=0.0032851511169513796
