Max=0.7965232895030088
Min=0.00020197939810139367
